((("SHM_W" .
   [4 0 0 0 0])
  ("putchar" .
   [1 0 0 4 1 0 0])
  ("SHM_R" .
   [4 0 0 0 0])
  ("trans" .
   [8 0 0 1 0])
  ("cnt" .
   [0 0 1])
  ("private" .
   [0 0 0 1 0 0 0])
  ("cur" .
   [1 0 0])
  ("pretty" .
   [0 0 1 0 0 0])
  ("def" .
   [0 0 1])
  ("define" .
   [0 0 0 1 0 0])
  ("WIFEXITED" .
   [0 0 0 0 0 1 0 0 0])
  ("exit" .
   [6 0 1 0])
  ("//" .
   [1 0])
  ("/" .
   [1])
  ("fork" .
   [7 0 4 0])
  ("nil" .
   [1 0 0])
  ("semantic-c" .
   [1 0 0 0 0 0 0 0 0 0])
  ("require" .
   [0 0 0 0 1 0 0])
  ("y" .
   [1])
  ("copy" .
   [1 0 0 0])
  ("_Sequence_value_type" .
   [1 0 0 0 0 0 0 0 0 0 0 0 0 0 0 0 0 0 0 0])
  ("not_eq" .
   [0 0 1 0 0 0])
  ("pid" .
   [1 0 1])
  ("no" .
   [1 0])
  ("inc" .
   [9 0 3])
  ("Inc" .
   [0 0 8])
  ("string" .
   [2 0 0 1 0 1])
  ("printf" .
   [8 0 2 1 0 3])
  ("pid_t" .
   [2 0 0 0 0])
  ("main" .
   [1 0 0 0])
  ("int" .
   [2 0 0])
  ("struct" .
   [1 0 1 0 1 3])
  ("s" .
   [10])
  ("ssss" .
   [2 0 0 0])
  ("xxxxxx" .
   [0 0 1 0 0 1])
  ("x" .
   [3])
  ("node" .
   [2 0 0 0])
  ("ss" .
   [6 0])
  ("char" .
   [1 0 0 0])
  ("formatted" .
   [2 0 0 3 0 0 0 0 1])
  ("FOR" .
   [0 0 2])
  ("for" .
   [7 0 4])
  ("~/.emacs.d/" .
   [0 0 0 0 0 0 0 0 0 0 1])
  ("assign" .
   [1 0 0 0 0 0])
  ("fopen" .
   [0 0 3 0 0])
  ("priority_queue" .
   [0 0 0 1 2 0 0 0 0 0 0 0 0 0])
  ("copy-seq" .
   [0 0 0 0 0 0 0 1])
  ("copyright" .
   [0 0 0 0 1 0 0 0 2])
  ("yas/global-mode" .
   [1 0 0 0 0 0 0 0 0 0 0 0 0 0 1])
  ("find" .
   [1 0 0 0])
  ("a" .
   [2])
  ("signal" .
   [0 0 0 1 0 0])
  ("wait" .
   [0 0 0 2])
  ("status" .
   [3 0 0 2 0 2])
  ("h_exit" .
   [0 0 0 2 0 0])
  ("SHM_MODE" .
   [0 0 0 0 0 0 2 0])
  ("IPC_CREAT" .
   [0 0 0 0 0 1 1 0 0])
  ("IPC_PRIVATE" .
   [0 0 0 0 0 0 0 1 0 0 0])
  ("scanf" .
   [1 0 0 0 0])
  ("key" .
   [3 0 0])
  ("semopts" .
   [15 0 0 0 0 2 0])
  ("buf" .
   [18 0 1])
  ("semds" .
   [1 0 0 0 0])
  ("semctl" .
   [5 0 0 0 0 0])
  ("semid" .
   [6 0 0 0 0])
  ("IPC_STAT" .
   [1 0 0 0 0 0 2 1])
  ("fprintf" .
   [2 0 0 0 1 0 0])
  ("stderr" .
   [3 0 0 0 0 0])
  ("printf_stat" .
   [0 0 0 0 0 0 0 0 0 1 0])
  ("in" .
   [3 0])
  ("mode" .
   [7 0 0 0])
  ("changemode" .
   [3 0 0 0 0 0 0 0 0 0])
  ("sid" .
   [4 0 0])
  ("printfmode" .
   [1 0 0 0 1 0 0 0 0 0])
  ("IPC_RMID" .
   [1 0 0 0 0 0 0 0])
  ("semun" .
   [2 0 0 0 0])
  ("arg" .
   [5 0 0])
  ("sem_perm" .
   [6 0 0 0 0 0 0 0])
  ("semid_ds" .
   [1 0 0 0 0 0 0 0])
  ("mysemds" .
   [4 0 0 1 1 0 0])
  ("sscanf" .
   [1 0 0 0 0 0])
  ("IPC_SET" .
   [0 0 0 0 0 0 1])
  ("sem" .
   [1 0 0])
  ("semget" .
   [1 0 0 0 0 0])
  ("sys_errlist" .
   [1 0 0 0 0 0 0 0 0 0 0])
  ("errno" .
   [1 0 0 0 0])
  ("flag" .
   [2 0 0 0])
  ("buf_t" .
   [4 0 0 0 1])
  ("p" .
   [2])
  ("new_line" .
   [0 0 0 0 1 0 0 0])))
